9035358
9035369
9035405
9035589
9035591
9035681
9035742
9037349
9037384
9035654
9035705
9035629
9035539
9034908
9034459
9029589
9029464
9021943
9013557
9035867
9036405
9019908
9010197
9033038
9036069
9036432
9014366
9036806
9036841
9036869
9037089
9037190
9035218
9036464
9037023
9037620
9034704
9037579
9004928
9033775
9037875
9036500
9038174
9038705
9037930
9037779
9008852
9036169
9015049
9038025
9017460
9018521
9024484
9025951
9036008
9036310
9036592
9036741
9036753
9036857
9036955
9036963
9037000
9037006
9037070
9037540
9037551
9037596
9037673
9037683
9037724
9037742
9037752
9018568
9015304
9003873
9012519
9018801
9019173
9019193
9019194
9011915
9019945
9024576
9006090
9026651
9022537
9018364
9021797
9022661
9018621
9024614
9010369
9024515
9025128
9020743
9036709
9020091
9036731
9023145
9036489
9037484
9037493
9019632
9036363
9021923
9015701
9037477
9027033
9036417
9000221
9035989
9038091
9037701
9008172
9006330
9002710
9036324
9008189
9019374
9004757
9035702
9019528
9019529
9010906
9038076
9011089
9013070
9019781
9020113
9032113
9020191
9020146
9031474
9025640
9020276
9020349
9020410
9020423
9018126
9023490
9027933
9026984
9017141
9020704
9020728
9023714
9020738
9020745
9020924
9020980
9021706
9021369
9025267
9024641
9025379
9002066
9016703
9016688
9025802
9023633
9003544
9005624
9027193
9005982
9006880
9028787
9024844
9025918
9011534
9017670
9023298
9014878
9015971
9015422
9022498
9022334
9022833
9024496
9022809
9015736
9028731
9027049
9024256
9021721
9025546
9015517
9020002
9007099
9011371
9014434
9021952
9026008
9015921
9026763
9004228
9023380
9017930
9027055
9023755
9013143
9026338
9017071
9027622
9016604
9025150
9027512
9027715
9025224
9024521
9024760
9016467
9025780
9017015
9021763
9005018
9023497
9001231
9001529
9002884
9028640
9004387
9000170
9030637
9023159
9000772
9003833
9000905
9002879
9002947
9000458
9019377
9000883
9001301
9000723
9001117
9002257
9002264
9004560
9000580
9001295
9002101
9002858
9004233
9038823
9037073
9038741
9038841
9035987
9038279
9035657
9034369
9035914
9035920
9037212
9038842
9036994
9038834
9038779
9038216
9036860
9037004
9037058
9037825
9038418
9038565
9032566
9038800
9030898
9029492
9032794
9033990
9034483
9035809
9035941
9036003
9036129
9036195
9037780
9036252
9038793
9037026
9036326
9037886
9036478
9009777
9038211
9038284
9036486
9036519
9037339
9036525
9036990
9036742
9036868
9036781
9024549
9036804
9036872
9037459
9037158
9032203
9037243
9036700
9032327
9037310
9037359
9032453
9038538
9033685
9018294
9037383
9037391
9038021
9037539
9035828
9037557
9037719
9038394
9035934
9036134
9037750
9036360
9037751
9036395
9037756
9036505
9036532
9037760
9036613
9037762
9036707
9038278
9036762
9038096
9036765
9036777
9036812
9038407
9036828
9036895
9036952
9036194
9036961
9037052
9038547
9037133
9036245
9037169
9037225
9037228
9037257
9036583
9037458
9037532
9037536
9037537
9037550
9037561
9038031
9036433
9037565
9011489
9037611
9037708
9036556
9037730
9036692
9037743
9037763
9037788
9028489
9038067
9036706
9036734
9036871
9036887
9036903
9036968
9015563
9037003
9037056
9037102
9037174
9037454
9037503
9037543
9037548
9037553
9037556
9037827
9037862
9001700
9001950
9037904
9002372
9003037
9004644
9006354
9006476
9005181
9010049
9013857
9030697
9032097
9035811
9036046
9036197
9036334
9036499
9036598
9026176
9036599
9036654
9036663
9036754
9024086
9027957
9028207
9024132
9028902
9018961
9022551
9030154
9036947
9037076
9025617
9029081
9037137
9024828
9027257
9038706
9037526
9037572
9013586
9037699
9029278
9030368
9037732
9037736
9037753
9023872
9024131
9037882
9030475
9022590
9037939
9029173
9018474
9029159
9037950
9030603
9037952
9038042
9026997
9025884
9026620
9027537
9027562
9027735
9028032
9007479
9012336
9028547
9028832
9026835
9028286
9029089
9021319
9013597
9031398